[10, 1]  ::  0.5867022092013103
[10, 1, 3]  ::  0.574650682563009
[10, 1, 3, 7]  ::  0.5681124468516685
[10, 1, 3, 7, 9]  ::  0.5634368742016993
[10, 1, 3, 7, 9, 8]  ::  0.5610135057199547
[10, 1, 3, 7, 9, 8, 2]  ::  0.560851143290587
[10, 1, 3, 7, 9, 8, 2, 4]  ::  0.5608080963925464
[10, 1, 3, 7, 9, 8, 2, 4, 6]  ::  0.5624645412591747
[10, 1, 3, 7, 9, 8, 2, 4, 6, 5]  ::  0.5649547473788744
[10, 1, 3, 7, 9, 8, 2, 4, 6, 5, 0]  ::  0.5685400404457432


[7, 10]  ::  0.6374526804091744
[1, 7, 10]  ::  0.5860471500159256
[1, 3, 7, 10]  ::  0.5681124468516694
[0, 1, 3, 7, 10]  ::  0.5677783543506085
[0, 1, 3, 7, 9, 10]  ::  0.563201323166527
[0, 1, 3, 4, 7, 9, 10]  ::  0.5631023405188471
[0, 1, 2, 3, 4, 7, 9, 10]  ::  0.563175297904829
[0, 1, 2, 3, 4, 7, 8, 9, 10]  ::  0.5635179298686411
[0, 1, 2, 3, 4, 6, 7, 8, 9, 10]  ::  0.5674925505842152
[0, 1, 2, 3, 4, 5, 6, 7, 8, 9, 10]  ::  0.5685400404456811